10 10 0.003163
10 10 0.002881
10 10 0.003244
10 10 0.002916
10 10 0.002745
10 100 0.018047
10 100 0.018795
10 100 0.019958
10 100 0.021161
10 100 0.021049
10 1000 0.190269
10 1000 0.207330
10 1000 0.234596
10 1000 0.205908
10 1000 0.183786
10 2000 0.392419
10 2000 0.366357
10 2000 0.388073
10 2000 0.360565
10 2000 0.377642
10 5000 0.918258
10 5000 0.984933
10 5000 0.992326
10 5000 1.016711
10 5000 1.044536
10 10000 2.223441
10 10000 2.276791
10 10000 2.297353
10 10000 2.230815
10 10000 2.412671
10 20000 4.347804
10 20000 4.208014
10 20000 4.102045
10 20000 3.901201
10 20000 3.976696
100 10 0.003253
100 10 0.007537
100 10 0.002600
100 10 0.002832
100 10 0.002765
100 100 0.017292
100 100 0.017976
100 100 0.018516
100 100 0.018962
100 100 0.019128
100 1000 0.177804
100 1000 0.191216
100 1000 0.180979
100 1000 0.197729
100 1000 0.201964
100 2000 0.415992
100 2000 0.411380
100 2000 0.397988
100 2000 0.425987
100 2000 0.400934
100 5000 0.986385
100 5000 0.944573
100 5000 1.051066
100 5000 1.012775
100 5000 0.973260
100 10000 2.010244
100 10000 2.115115
100 10000 2.221558
100 10000 2.101156
100 10000 2.182956
100 20000 4.608516
100 20000 5.406130
100 20000 5.439015
100 20000 5.826915
100 20000 5.323564
1000 10 0.003027
1000 10 0.003421
1000 10 0.004015
1000 10 0.003626
1000 10 0.004047
1000 100 0.026010
1000 100 0.025024
1000 100 0.023711
1000 100 0.023191
1000 100 0.022556
1000 1000 0.235276
1000 1000 0.207928
1000 1000 0.222151
1000 1000 0.205363
1000 1000 0.230922
1000 2000 0.451652
1000 2000 0.479838
1000 2000 0.459989
1000 2000 0.505925
1000 2000 0.428524
1000 5000 1.392689
1000 5000 1.364240
1000 5000 1.259742
1000 5000 1.260894
1000 5000 1.102621
1000 10000 2.255109
1000 10000 2.883022
1000 10000 3.050070
1000 10000 2.398408
1000 10000 2.449592
1000 20000 4.160660
1000 20000 4.127872
1000 20000 5.249112
1000 20000 4.508403
1000 20000 4.608577
10000 10 0.003186
10000 10 0.003364
10000 10 0.003164
10000 10 0.003591
10000 10 0.003294
10000 100 0.022620
10000 100 0.031938
10000 100 0.026065
10000 100 0.028892
10000 100 0.024361
10000 1000 0.217362
10000 1000 0.228390
10000 1000 0.221536
10000 1000 0.204682
10000 1000 0.215058
10000 2000 0.403537
10000 2000 0.434355
10000 2000 0.406348
10000 2000 0.414961
10000 2000 0.382259
10000 5000 0.980193
10000 5000 0.978924
10000 5000 1.163020
10000 5000 1.000125
10000 5000 1.064938
10000 10000 2.024719
10000 10000 1.866701
10000 10000 2.016473
10000 10000 2.015348
10000 10000 1.983032
10000 20000 4.080536
10000 20000 4.175027
10000 20000 4.370465
10000 20000 4.737863
10000 20000 4.581463
100000 10 0.008846
100000 10 0.004337
100000 10 0.004576
100000 10 0.004223
100000 10 0.009432
100000 100 0.037084
100000 100 0.037023
100000 100 0.037587
100000 100 0.036649
100000 100 0.043435
100000 1000 0.387463
100000 1000 0.367021
100000 1000 0.384842
100000 1000 0.363830
100000 1000 0.346136
100000 2000 0.696410
100000 2000 0.753792
100000 2000 0.742773
100000 2000 0.789395
100000 2000 0.785565
100000 5000 1.775675
100000 5000 1.870424
100000 5000 1.968869
100000 5000 1.782226
100000 5000 1.720752
100000 10000 3.315941
100000 10000 3.124932
100000 10000 3.112292
100000 10000 3.059889
100000 10000 3.182641
100000 20000 6.121308
100000 20000 6.590187
100000 20000 6.930306
100000 20000 7.143555
100000 20000 7.214988
1000000 10 0.018124
1000000 10 0.019091
1000000 10 0.019116
1000000 10 0.015546
1000000 10 0.018956
1000000 100 0.150406
1000000 100 0.144048
1000000 100 0.174865
1000000 100 0.146176
1000000 100 0.153655
1000000 1000 1.579897
1000000 1000 1.437112
1000000 1000 1.390979
1000000 1000 1.398248
1000000 1000 1.411165
1000000 2000 2.936643
1000000 2000 2.860461
1000000 2000 2.952588
1000000 2000 2.839059
1000000 2000 2.753975
1000000 5000 7.663919
1000000 5000 7.137074
1000000 5000 7.069563
1000000 5000 7.417977
1000000 5000 7.401666
1000000 10000 13.767220
1000000 10000 13.250591
1000000 10000 13.318987
1000000 10000 14.601927
1000000 10000 14.800575
1000000 20000 28.482225
1000000 20000 28.942401
1000000 20000 27.813586
1000000 20000 27.644856
1000000 20000 30.044438
