10 10 0.000002
10 10 0.000002
10 10 0.000002
10 10 0.000002
10 10 0.000002
10 100 0.000007
10 100 0.000007
10 100 0.000007
10 100 0.000008
10 100 0.000007
10 1000 0.000052
10 1000 0.000057
10 1000 0.000052
10 1000 0.000052
10 1000 0.000052
10 2000 0.000103
10 2000 0.000106
10 2000 0.000103
10 2000 0.000107
10 2000 0.000103
10 5000 0.000259
10 5000 0.000260
10 5000 0.000256
10 5000 0.000278
10 5000 0.000257
10 10000 0.000514
10 10000 0.000513
10 10000 0.000509
10 10000 0.000507
10 10000 0.000511
10 20000 0.001049
10 20000 0.001023
10 20000 0.001322
10 20000 0.001022
10 20000 0.001020
100 10 0.000006
100 10 0.000006
100 10 0.000006
100 10 0.000006
100 10 0.000006
100 100 0.000046
100 100 0.000046
100 100 0.000047
100 100 0.000046
100 100 0.000046
100 1000 0.000478
100 1000 0.000459
100 1000 0.000457
100 1000 0.000453
100 1000 0.000453
100 2000 0.000910
100 2000 0.000921
100 2000 0.000909
100 2000 0.000916
100 2000 0.000939
100 5000 0.002273
100 5000 0.002276
100 5000 0.002365
100 5000 0.002296
100 5000 0.002275
100 10000 0.005183
100 10000 0.004663
100 10000 0.005250
100 10000 0.004554
100 10000 0.004588
100 20000 0.009133
100 20000 0.009127
100 20000 0.009135
100 20000 0.009133
100 20000 0.009121
1000 10 0.000049
1000 10 0.000049
1000 10 0.000047
1000 10 0.000049
1000 10 0.000047
1000 100 0.000475
1000 100 0.000471
1000 100 0.000443
1000 100 0.000439
1000 100 0.000443
1000 1000 0.004411
1000 1000 0.004476
1000 1000 0.004425
1000 1000 0.004349
1000 1000 0.004414
1000 2000 0.008769
1000 2000 0.008722
1000 2000 0.008672
1000 2000 0.008681
1000 2000 0.008695
1000 5000 0.021662
1000 5000 0.021682
1000 5000 0.021669
1000 5000 0.022006
1000 5000 0.021672
1000 10000 0.043349
1000 10000 0.043349
1000 10000 0.043315
1000 10000 0.043349
1000 10000 0.043938
1000 20000 0.086643
1000 20000 0.086610
1000 20000 0.088017
1000 20000 0.086629
1000 20000 0.088017
10000 10 0.000476
10000 10 0.000506
10000 10 0.000462
10000 10 0.000462
10000 10 0.000466
10000 100 0.004409
10000 100 0.004398
10000 100 0.004386
10000 100 0.004429
10000 100 0.004414
10000 1000 0.043470
10000 1000 0.043455
10000 1000 0.043509
10000 1000 0.043426
10000 1000 0.043546
10000 2000 0.086824
10000 2000 0.087066
10000 2000 0.086770
10000 2000 0.087336
10000 2000 0.086884
10000 5000 0.216774
10000 5000 0.217965
10000 5000 0.216941
10000 5000 0.216647
10000 5000 0.217385
10000 10000 0.435633
10000 10000 0.434392
10000 10000 0.434245
10000 10000 0.434113
10000 10000 0.433205
10000 20000 0.865435
10000 20000 0.869026
10000 20000 0.867983
10000 20000 0.866415
10000 20000 0.868150
100000 10 0.004917
100000 10 0.005145
100000 10 0.004852
100000 10 0.004798
100000 10 0.004782
100000 100 0.045000
100000 100 0.045179
100000 100 0.044754
100000 100 0.045923
100000 100 0.045313
100000 1000 0.447684
100000 1000 0.447445
100000 1000 0.447783
100000 1000 0.448248
100000 1000 0.463324
100000 2000 0.925146
100000 2000 0.897337
100000 2000 0.904919
100000 2000 0.896649
100000 2000 0.896706
100000 5000 2.240801
100000 5000 2.259685
100000 5000 2.218856
100000 5000 2.240122
100000 5000 2.221863
100000 10000 4.440526
100000 10000 4.437247
100000 10000 4.475503
100000 10000 4.810837
100000 10000 4.478854
100000 20000 9.042199
100000 20000 8.887751
100000 20000 9.042880
100000 20000 8.887895
100000 20000 8.957628
1000000 10 0.052027
1000000 10 0.052256
1000000 10 0.052251
1000000 10 0.051870
1000000 10 0.052140
1000000 100 0.485660
1000000 100 0.483759
1000000 100 0.483568
1000000 100 0.484282
1000000 100 0.486470
1000000 1000 4.846759
1000000 1000 4.779210
1000000 1000 4.739981
1000000 1000 4.761990
1000000 1000 4.770539
1000000 2000 9.602608
1000000 2000 9.533143
1000000 2000 9.548653
1000000 2000 9.535743
1000000 2000 9.592185
1000000 5000 23.944807
1000000 5000 24.089771
1000000 5000 23.952789
1000000 5000 24.339851
1000000 5000 23.912891
1000000 10000 47.969454
1000000 10000 47.375803
1000000 10000 46.600077
1000000 10000 47.184146
1000000 10000 49.011178
1000000 20000 97.789718
1000000 20000 94.759852
1000000 20000 94.146352
1000000 20000 93.397810
1000000 20000 95.047598
