10 0.000171
10 0.000169
10 0.000457
10 0.000170
10 0.000201
10 0.000208
100 0.003514
100 0.003642
100 0.005431
100 0.003021
100 0.004619
100 0.003503
200 0.019674
200 0.016666
200 0.017996
200 0.021375
200 0.018503
200 0.018874
500 0.251306
500 0.264731
500 0.260556
500 0.232283
500 0.234193
500 0.242465
800 1.119916
800 1.142411
800 1.112942
800 1.138432
800 1.138535
800 1.137219
1000 2.472468
1000 2.734434
1000 3.634710
1000 3.826923
1000 3.813542
1000 3.688231
2000 36.739746
2000 34.238075
2000 34.514681
2000 38.225609
2000 37.129569
2000 40.500845