1000 7.861460
2000 90.841012
1000 5.066343
1000 5.001960
1000 5.610748
1000 4.050863
1000 4.078041
1000 4.063945
2000 79.207530
2000 76.582866
2000 78.487603
2000 77.657597
1000 4.605553
1000 4.143225
1000 4.144386
1000 4.214034
2000 79.037097
2000 79.824597
2000 79.143194
2000 79.195806
1000 5.242431
1000 4.551240
1000 5.459664
1000 4.241440
2000 81.149198
2000 81.577455
2000 79.987798
2000 77.076942
1000 4.995081
1000 4.917163
1000 5.615377
1000 5.712877
2000 80.151547
2000 69.857600
2000 70.370797
2000 79.282559
1000 5.730026
1000 5.220584
1000 5.420273
1000 5.163310
2000 81.435466
2000 75.506212
2000 68.622485
2000 69.224576
