10 0.000261
10 0.000155
10 0.000155
10 0.000207
10 0.000181
10 0.000642
100 0.003668
100 0.003273
100 0.003081
100 0.004195
100 0.003100
100 0.002970
200 0.017850
200 0.018203
200 0.017311
200 0.018435
200 0.019628
200 0.019417
500 0.257246
500 0.257804
500 0.229818
500 0.233287
500 0.237423
500 0.231072
800 1.119691
800 1.117362
800 1.122397
800 1.154712
800 1.112621
800 1.236710
1000 3.283460
1000 3.530308
1000 3.510412
1000 3.751671
1000 3.552191
1000 3.645707
2000 35.488697
2000 35.537765
2000 35.496222
2000 35.503275
2000 35.633170
2000 35.408682
10 0.000218
10 0.000206
10 0.000196
10 0.000268
10 0.000234
10 0.000387
100 0.004261
100 0.005339
100 0.004959
100 0.004790
100 0.003554
100 0.005361
200 0.018208
200 0.019833
200 0.018722
200 0.021429
200 0.020348
200 0.030003
500 0.300289
500 0.296474
500 0.294498
1000 4.312793
1000 4.352255
2000 45.504707
2000 57.933752
2000 45.924865
2000 49.694259
2000 47.626732
2000 45.669750
2000 29.665829
1000 2.641254
1000 3.013897
1000 3.116954
1000 3.076817
1000 3.706751
1000 4.603824
2000 45.720303
2000 45.752240
1000 2.670921
1000 3.000693
1000 2.990085
1000 3.139200
1000 3.590858
1000 4.669706
2000 45.172480
2000 44.970863
2000 48.616961
2000 46.734130
2000 48.588649
2000 49.175311
1000 2.787077
1000 2.744923
1000 2.775943
1000 2.792334
1000 2.987053
1000 3.991432
2000 40.755255
800 1.100926
800 1.127979
1000 2.421405
1000 2.498594
1000 3.368877
1000 3.551163
1000 3.511523
1000 3.580542
2000 36.569296
2000 34.362197
2000 34.234574
2000 34.242394
2000 34.165206
2000 34.424560
10 0.000171
10 0.000169
10 0.000457
10 0.000170
10 0.000201
10 0.000208
100 0.003514
100 0.003642
100 0.005431
100 0.003021
100 0.004619
100 0.003503
200 0.019674
200 0.016666
200 0.017996
200 0.021375
200 0.018503
200 0.018874
500 0.251306
500 0.264731
500 0.260556
500 0.232283
500 0.234193
500 0.242465
800 1.119916
800 1.142411
800 1.112942
800 1.138432
800 1.138535
800 1.137219
1000 2.472468
1000 2.734434
1000 3.634710
1000 3.826923
1000 3.813542
1000 3.688231
2000 36.739746
2000 34.238075
2000 34.514681
2000 38.225609
2000 37.129569
2000 40.500845
