10 0.000004
10 0.000004
10 0.000004
10 0.000005
10 0.000005
10 0.000004
10 0.000004
10 0.000005
10 0.000005
10 0.000004
100 0.003160
100 0.003329
100 0.003028
100 0.002978
100 0.002996
100 0.003633
100 0.003230
100 0.003176
100 0.003161
100 0.003738
200 0.027784
200 0.027362
200 0.030097
200 0.027705
200 0.028224
200 0.028824
200 0.028278
200 0.027316
200 0.026930
200 0.028869
500 0.438125
500 0.434378
500 0.430567
500 0.442200
500 0.433563
500 0.437509
500 0.429709
500 0.436465
500 0.431087
500 0.434979
800 2.138433
800 2.148378
800 2.116830
800 2.118412
800 2.102986
800 2.121471
800 2.133116
800 2.144408
800 2.370110
800 2.216440
1000 5.186925
1000 5.959385
1000 6.685918
1000 7.809444
1000 9.024490
1000 5.225016
1000 5.079242
1000 5.211584
1000 5.494392
1000 5.445972
2000 81.250680
2000 81.137921
2000 79.913226
2000 80.147479
2000 80.240127
2000 79.928556
2000 79.916199
2000 79.826584
2000 79.931635
2000 79.920772
