1000 24.318245
1000 22.733746
1000 22.751604
1000 35.777979
1000 51.958376
1000 51.286921
1000 52.397833
1000 24.582408
1000 45.296263
1000 52.146235
1000 42.891983
2000 420.281823
2000 393.515728
2000 412.649185
2000 476.079187
10 0.004896
1000 34.845053
2000 448.946549
1000 4.231032
2000 73.447948
2000 73.437969
2000 79.976050
2000 81.719630
1000 5.006910
1000 4.724817
1000 5.017674
1000 4.500523
1000 4.919490
2000 80.849673
1000 22.831473
2000 409.747080
1000 24.066090
1000 26.010112
1000 44.783596
1000 43.098913
2000 418.045260
2000 365.339992
2000 409.453983
1000 24.211895
1000 26.314340
10 0.026124
1000 24.305299
1000 47.648365
1000 48.894506
1000 48.520364
1000 24.287991
2000 425.090022
1000 4.370619
2000 75.352102
1000 4.842938
1000 4.557350
1000 4.585850
1000 4.925094
1000 5.087015
2000 75.565899
2000 75.174673
2000 73.918419
2000 76.774888
500 0.428024
