10 0.009540
10 0.018746
10 0.005957
10 0.025342
10 0.018835
100 0.024907
100 0.017187
100 0.008740
100 0.015839
100 0.016699
200 0.210174
200 0.168335
200 0.175062
200 0.175180
200 0.181135
500 2.630257
500 2.913646
500 2.927153
500 2.673840
500 2.828857
800 11.674938
800 11.082309
800 15.966772
800 27.019095
800 24.230971
10 0.000019
10 0.000019
10 0.000019
10 0.000026
10 0.000019
100 0.004678
100 0.003033
100 0.003414
100 0.003195
100 0.003067
200 0.027219
200 0.028572
200 0.026583
200 0.026436
200 0.025703
500 0.436039
500 0.433814
500 0.436403
500 0.434851
500 0.435856
800 2.096720
800 2.141565
800 2.317058
800 2.055375
800 2.089580
10 0.000392
10 0.161996
10 0.168311
10 0.178724
10 0.102077
100 0.010627
100 0.032350
100 0.019330
100 0.026912
100 0.006419
200 0.161334
200 0.180986
200 0.161976
200 0.166637
200 0.161265
500 2.549984
500 2.877090
500 2.865803
500 2.683319
500 2.524866
800 10.773124
800 11.909301
800 15.494523
800 26.110306
800 25.775611
10 0.005912
10 0.025277
10 0.048839
10 0.002455
10 0.009022
100 0.024238
100 0.006725
100 0.032531
100 0.019169
100 0.018774
200 0.172584
200 0.164853
200 0.166034
200 0.186526
200 0.175458
500 2.575560
500 2.941524
500 2.921773
500 2.904394
500 2.604646
800 11.868648
800 12.144671
800 18.584736
800 25.125038
800 27.219625
10 0.000007
10 0.000006
10 0.000007
10 0.000007
10 0.000006
100 0.004530
100 0.003002
100 0.003150
100 0.003103
100 0.003063
200 0.028565
200 0.028741
200 0.027614
200 0.028886
200 0.029019
500 0.433382
500 0.427074
500 0.426216
500 0.430069
500 0.428150
800 2.029858
800 2.022514
800 2.047757
800 2.062645
800 2.066032
