10 0.000314
10 0.000768
10 0.000320
10 0.000430
10 0.000617
10 0.001924
100 0.007595
100 0.008824
100 0.008592
100 0.010405
100 0.008372
100 0.008031
200 0.022896
200 0.024808
200 0.027927
200 0.032178
200 0.024018
200 0.022545
500 0.300506
500 0.632142
500 0.913200
500 0.732597
500 0.835426
500 0.840039
800 3.366549
800 4.115943
800 3.498587
800 2.730696
800 2.741724
800 1.868926
1000 6.271957
1000 14.839304
1000 13.739383
1000 12.028041
1000 12.843033
1000 11.043268
2000 169.344885
2000 180.394379
2000 150.964411
2000 144.001892
2000 135.980264
2000 92.817561
