10 0.000261
10 0.000155
10 0.000155
10 0.000207
10 0.000181
10 0.000642
100 0.003668
100 0.003273
100 0.003081
100 0.004195
100 0.003100
100 0.002970
200 0.017850
200 0.018203
200 0.017311
200 0.018435
200 0.019628
200 0.019417
500 0.257246
500 0.257804
500 0.229818
500 0.233287
500 0.237423
500 0.231072
800 1.119691
800 1.117362
800 1.122397
800 1.154712
800 1.112621
800 1.236710
1000 3.283460
1000 3.530308
1000 3.510412
1000 3.751671
1000 3.552191
1000 3.645707
2000 35.488697
2000 35.537765
2000 35.496222
2000 35.503275
2000 35.633170
2000 35.408682
