10 10 0.003669
10 10 0.003741
10 10 0.003871
10 10 0.003672
10 10 0.003796
10 10 0.003786
10 10 0.003936
10 10 0.003925
10 10 0.003994
10 10 0.003876
10 10 0.004126
10 10 0.004161
10 10 0.003954
10 10 0.004178
10 10 0.004293
10 100 0.023620
10 100 0.023754
10 100 0.023796
10 100 0.025477
10 100 0.025711
10 100 0.025807
10 100 0.024874
10 100 0.025055
10 100 0.025156
10 100 0.021646
10 100 0.021611
10 100 0.021674
10 100 0.022243
10 100 0.022229
10 100 0.022300
10 1000 0.215347
10 1000 0.215709
10 1000 0.215823
10 1000 0.207764
10 1000 0.207914
10 1000 0.207957
10 1000 0.195194
10 1000 0.195385
10 1000 0.195395
10 1000 0.211581
10 1000 0.211666
10 1000 0.211725
10 1000 0.193002
10 1000 0.192993
10 1000 0.193046
10 2000 0.421405
10 2000 0.421494
10 2000 0.421504
10 2000 0.451846
10 2000 0.452045
10 2000 0.452113
10 2000 0.418213
10 2000 0.418494
10 2000 0.418565
10 2000 0.415679
10 2000 0.415751
10 2000 0.415767
10 2000 0.424026
10 2000 0.424052
10 2000 0.424182
10 5000 1.040090
10 5000 1.040323
10 5000 1.040426
10 5000 1.023936
10 5000 1.023894
10 5000 1.023899
10 5000 1.045512
10 5000 1.045788
10 5000 1.045881
10 5000 1.040607
10 5000 1.040697
10 5000 1.040764
10 5000 1.016393
10 5000 1.016463
10 5000 1.016515
10 10000 2.318744
10 10000 2.319200
10 10000 2.319417
10 10000 2.283728
10 10000 2.283790
10 10000 2.283963
10 10000 2.110563
10 10000 2.110683
10 10000 2.110741
10 10000 2.114634
10 10000 2.114676
10 10000 2.115203
10 10000 2.044874
10 10000 2.044998
10 10000 2.045064
10 20000 5.094808
10 20000 5.095006
10 20000 5.095175
10 20000 4.308620
10 20000 4.308828
10 20000 4.308929
10 20000 3.887500
10 20000 3.887619
10 20000 3.887705
10 20000 3.815307
10 20000 3.815376
10 20000 3.815453
10 20000 3.995658
10 20000 3.995708
10 20000 3.995959
100 10 0.003753
100 10 0.003897
100 10 0.004007
100 10 0.003680
100 10 0.003984
100 10 0.003961
100 10 0.003798
100 10 0.003855
100 10 0.003957
100 10 0.003652
100 10 0.003894
100 10 0.003939
100 10 0.003603
100 10 0.003766
100 10 0.003810
100 100 0.021676
100 100 0.021770
100 100 0.021890
100 100 0.025579
100 100 0.025679
100 100 0.025757
100 100 0.022859
100 100 0.024173
100 100 0.024277
100 100 0.024153
100 100 0.024469
100 100 0.024543
100 100 0.025041
100 100 0.025027
100 100 0.025121
100 1000 0.215803
100 1000 0.215803
100 1000 0.215944
100 1000 0.207886
100 1000 0.208085
100 1000 0.208194
100 1000 0.200748
100 1000 0.202105
100 1000 0.202220
100 1000 0.193604
100 1000 0.193723
100 1000 0.193786
100 1000 0.192430
100 1000 0.192506
100 1000 0.192718
100 2000 0.386801
100 2000 0.386887
100 2000 0.386938
100 2000 0.411211
100 2000 0.411316
100 2000 0.411423
100 2000 0.433017
100 2000 0.433025
100 2000 0.433107
100 2000 0.395085
100 2000 0.395155
100 2000 0.395192
100 2000 0.378739
100 2000 0.378863
100 2000 0.378942
100 5000 1.016418
100 5000 1.016522
100 5000 1.016633
100 5000 1.011010
100 5000 1.011096
100 5000 1.011180
100 5000 1.055444
100 5000 1.055728
100 5000 1.055798
100 5000 1.105848
100 5000 1.106080
100 5000 1.113177
100 5000 1.156692
100 5000 1.156755
100 5000 1.156853
100 10000 2.090495
100 10000 2.090765
100 10000 2.090746
100 10000 2.094132
100 10000 2.094242
100 10000 2.094277
100 10000 2.002067
100 10000 2.002134
100 10000 2.002830
100 10000 2.095045
100 10000 2.095192
100 10000 2.095274
100 10000 2.041579
100 10000 2.041906
100 10000 2.042021
100 20000 4.108981
100 20000 4.108941
100 20000 4.109027
100 20000 4.185539
100 20000 4.185561
100 20000 4.185753
100 20000 4.358072
100 20000 4.358184
100 20000 4.358241
100 20000 4.448225
100 20000 4.448228
100 20000 4.448369
100 20000 4.797154
100 20000 4.797228
100 20000 4.797305
1000 10 0.003959
1000 10 0.004024
1000 10 0.004058
1000 10 0.003976
1000 10 0.004120
1000 10 0.004112
1000 10 0.003790
1000 10 0.003865
1000 10 0.003922
1000 10 0.003697
1000 10 0.003768
1000 10 0.003756
1000 10 0.004492
1000 10 0.004540
1000 10 0.004661
1000 100 0.024549
1000 100 0.024623
1000 100 0.024786
1000 100 0.023289
1000 100 0.023384
1000 100 0.023477
1000 100 0.022842
1000 100 0.022979
1000 100 0.023068
1000 100 0.024086
1000 100 0.024261
1000 100 0.024333
1000 100 0.025688
1000 100 0.025791
1000 100 0.026077
1000 1000 0.212268
1000 1000 0.212415
1000 1000 0.212399
1000 1000 0.214670
1000 1000 0.214978
1000 1000 0.214976
1000 1000 0.198978
1000 1000 0.199078
1000 1000 0.199194
1000 1000 0.193833
1000 1000 0.194030
1000 1000 0.194035
1000 1000 0.210575
1000 1000 0.210720
1000 1000 0.210788
1000 2000 0.430599
1000 2000 0.430683
1000 2000 0.430667
1000 2000 0.485734
1000 2000 0.485839
1000 2000 0.485878
1000 2000 0.429932
1000 2000 0.429967
1000 2000 0.429997
1000 2000 0.413921
1000 2000 0.414085
1000 2000 0.414142
1000 2000 0.426598
1000 2000 0.426660
1000 2000 0.426785
1000 5000 1.108782
1000 5000 1.108963
1000 5000 1.109021
1000 5000 1.092101
1000 5000 1.092136
1000 5000 1.092286
1000 5000 1.055672
1000 5000 1.055722
1000 5000 1.055699
1000 5000 1.094025
1000 5000 1.094169
1000 5000 1.094288
1000 5000 1.115438
1000 5000 1.115648
1000 5000 1.115799
1000 10000 2.225389
1000 10000 2.225441
1000 10000 2.225515
1000 10000 2.170684
1000 10000 2.170840
1000 10000 2.171003
1000 10000 2.190810
1000 10000 2.190953
1000 10000 2.190999
1000 10000 2.154039
1000 10000 2.154309
1000 10000 2.154309
1000 10000 2.086998
1000 10000 2.087135
1000 10000 2.087204
1000 20000 4.158131
1000 20000 4.158257
1000 20000 4.158301
1000 20000 4.034870
1000 20000 4.034951
1000 20000 4.034971
1000 20000 4.026396
1000 20000 4.026596
1000 20000 4.026686
1000 20000 4.195409
1000 20000 4.195411
1000 20000 4.195508
1000 20000 4.305118
1000 20000 4.305422
1000 20000 4.305454
10000 10 0.004116
10000 10 0.004160
10000 10 0.004249
10000 10 0.003954
10000 10 0.004019
10000 10 0.004095
10000 10 0.004062
10000 10 0.004328
10000 10 0.005388
10000 10 0.004761
10000 10 0.004716
10000 10 0.004859
10000 10 0.003724
10000 10 0.003961
10000 10 0.003957
10000 100 0.022705
10000 100 0.022719
10000 100 0.022808
10000 100 0.024170
10000 100 0.024274
10000 100 0.024323
10000 100 0.022704
10000 100 0.022841
10000 100 0.022984
10000 100 0.024368
10000 100 0.024524
10000 100 0.024635
10000 100 0.023302
10000 100 0.023509
10000 100 0.023571
10000 1000 0.218860
10000 1000 0.218900
10000 1000 0.219056
10000 1000 0.222173
10000 1000 0.222310
10000 1000 0.222456
10000 1000 0.214075
10000 1000 0.214532
10000 1000 0.214549
10000 1000 0.242822
10000 1000 0.243000
10000 1000 0.243122
10000 1000 0.228009
10000 1000 0.228080
10000 1000 0.228195
10000 2000 0.428447
10000 2000 0.428550
10000 2000 0.428592
10000 2000 0.404885
10000 2000 0.405010
10000 2000 0.405089
10000 2000 0.395876
10000 2000 0.396045
10000 2000 0.396083
10000 2000 0.396758
10000 2000 0.396722
10000 2000 0.396788
10000 2000 0.421804
10000 2000 0.421875
10000 2000 0.421812
10000 5000 1.097831
10000 5000 1.097940
10000 5000 1.098077
10000 5000 1.025986
10000 5000 1.026118
10000 5000 1.026263
10000 5000 1.046525
10000 5000 1.046876
10000 5000 1.047029
10000 5000 1.081432
10000 5000 1.081729
10000 5000 1.081782
10000 5000 1.061862
10000 5000 1.061938
10000 5000 1.061933
10000 10000 2.474847
10000 10000 2.474906
10000 10000 2.474967
10000 10000 2.360503
10000 10000 2.360645
10000 10000 2.360729
10000 10000 1.975688
10000 10000 1.975939
10000 10000 1.975991
10000 10000 1.965906
10000 10000 1.966113
10000 10000 1.966200
10000 10000 2.025185
10000 10000 2.025546
10000 10000 2.026014
10000 20000 3.939078
10000 20000 3.939142
10000 20000 3.939109
10000 20000 4.020248
10000 20000 4.020355
10000 20000 4.020459
10000 20000 4.293549
10000 20000 4.293653
10000 20000 4.293888
10000 20000 4.224301
10000 20000 4.224270
10000 20000 4.224336
10000 20000 4.389973
10000 20000 4.390315
10000 20000 4.390471
100000 10 0.003961
100000 10 0.004199
100000 10 0.004359
100000 10 0.003743
100000 10 0.003850
100000 10 0.004148
100000 10 0.004273
100000 10 0.004296
100000 10 0.004476
100000 10 0.004491
100000 10 0.004526
100000 10 0.004641
100000 10 0.004017
100000 10 0.004192
100000 10 0.004288
100000 100 0.028390
100000 100 0.028493
100000 100 0.028478
100000 100 0.027176
100000 100 0.027369
100000 100 0.027427
100000 100 0.027394
100000 100 0.027471
100000 100 0.027566
100000 100 0.029769
100000 100 0.031401
100000 100 0.031460
100000 100 0.028524
100000 100 0.028595
100000 100 0.028857
100000 1000 0.266881
100000 1000 0.266936
100000 1000 0.267034
100000 1000 0.273958
100000 1000 0.274016
100000 1000 0.274288
100000 1000 0.260526
100000 1000 0.260660
100000 1000 0.260627
100000 1000 0.252643
100000 1000 0.253251
100000 1000 0.253429
100000 1000 0.250309
100000 1000 0.250373
100000 1000 0.250336
100000 2000 0.473643
100000 2000 0.473796
100000 2000 0.473935
100000 2000 0.502371
100000 2000 0.502573
100000 2000 0.502605
100000 2000 0.495856
100000 2000 0.495913
100000 2000 0.496280
100000 2000 0.531901
100000 2000 0.532184
100000 2000 0.532195
100000 2000 0.488472
100000 2000 0.488584
100000 2000 0.488715
100000 5000 1.216937
100000 5000 1.216820
100000 5000 1.216965
100000 5000 1.207884
100000 5000 1.207869
100000 5000 1.208019
100000 5000 1.301520
100000 5000 1.301756
100000 5000 1.301849
100000 5000 1.341627
100000 5000 1.341739
100000 5000 1.341841
100000 5000 1.278806
100000 5000 1.279088
100000 5000 1.279088
100000 10000 2.505933
100000 10000 2.506113
100000 10000 2.506346
100000 10000 2.525896
100000 10000 2.526164
100000 10000 2.526368
100000 10000 2.525383
100000 10000 2.525508
100000 10000 2.525642
100000 10000 2.646379
100000 10000 2.647194
100000 10000 2.647480
100000 10000 2.496893
100000 10000 2.496947
100000 10000 2.497215
100000 20000 5.732276
100000 20000 5.733215
100000 20000 5.733353
100000 20000 5.101315
100000 20000 5.101742
100000 20000 5.102760
100000 20000 5.140099
100000 20000 5.140082
100000 20000 5.140178
100000 20000 4.944313
100000 20000 4.944320
100000 20000 4.944452
100000 20000 4.877672
100000 20000 4.877642
100000 20000 4.877732
1000000 10 0.007749
1000000 10 0.007942
1000000 10 0.008757
1000000 10 0.008141
1000000 10 0.008150
1000000 10 0.008289
1000000 10 0.008161
1000000 10 0.008764
1000000 10 0.008713
1000000 10 0.007652
1000000 10 0.008206
1000000 10 0.008248
1000000 10 0.008057
1000000 10 0.008405
1000000 10 0.008409
1000000 100 0.062352
1000000 100 0.062371
1000000 100 0.062495
1000000 100 0.062799
1000000 100 0.062947
1000000 100 0.062903
1000000 100 0.063033
1000000 100 0.063028
1000000 100 0.063124
1000000 100 0.063451
1000000 100 0.063487
1000000 100 0.063581
1000000 100 0.063597
1000000 100 0.063834
1000000 100 0.063963
1000000 1000 0.600139
1000000 1000 0.600221
1000000 1000 0.600206
1000000 1000 0.601362
1000000 1000 0.601432
1000000 1000 0.601553
1000000 1000 0.598379
1000000 1000 0.598543
1000000 1000 0.598585
1000000 1000 0.591665
1000000 1000 0.591844
1000000 1000 0.591769
1000000 1000 0.610875
1000000 1000 0.610859
1000000 1000 0.610845
1000000 2000 1.211896
1000000 2000 1.211988
1000000 2000 1.211925
1000000 2000 1.250141
1000000 2000 1.250273
1000000 2000 1.250187
1000000 2000 1.255202
1000000 2000 1.255560
1000000 2000 1.255691
1000000 2000 1.206235
1000000 2000 1.206384
1000000 2000 1.206268
1000000 2000 1.175694
1000000 2000 1.175814
1000000 2000 1.175921
1000000 5000 2.936952
1000000 5000 2.936960
1000000 5000 2.936986
1000000 5000 3.057580
1000000 5000 3.057905
1000000 5000 3.058221
1000000 5000 2.955939
1000000 5000 2.956642
1000000 5000 2.956617
1000000 5000 3.139489
1000000 5000 3.139850
1000000 5000 3.140174
1000000 5000 3.043573
1000000 5000 3.043999
1000000 5000 3.044069
1000000 10000 5.959032
1000000 10000 5.959871
1000000 10000 5.959753
1000000 10000 6.272250
1000000 10000 6.272951
1000000 10000 6.272939
1000000 10000 6.143061
1000000 10000 6.143189
1000000 10000 6.143231
1000000 10000 6.169120
1000000 10000 6.169147
1000000 10000 6.169222
1000000 10000 6.158938
1000000 10000 6.159096
1000000 10000 6.159039
1000000 20000 12.208256
1000000 20000 12.208379
1000000 20000 12.208504
1000000 20000 12.011200
1000000 20000 12.011250
1000000 20000 12.011223
1000000 20000 12.556571
1000000 20000 12.556603
1000000 20000 12.557050
1000000 20000 12.798558
1000000 20000 12.798808
1000000 20000 12.799009
1000000 20000 12.755883
1000000 20000 12.755917
1000000 20000 12.756027
