10 10 0.003827
10 10 0.003934
10 10 0.005421
10 10 0.005588
10 10 0.004433
10 10 0.004495
10 10 0.004604
10 10 0.004701
10 10 0.003842
10 10 0.003972
10 100 0.024960
10 100 0.025005
10 100 0.021726
10 100 0.021804
10 100 0.021299
10 100 0.021358
10 100 0.021209
10 100 0.021274
10 100 0.022012
10 100 0.022068
10 1000 0.209538
10 1000 0.209616
10 1000 0.215242
10 1000 0.215343
10 1000 0.186787
10 1000 0.186887
10 1000 0.190059
10 1000 0.190183
10 1000 0.187768
10 1000 0.187850
10 2000 0.354220
10 2000 0.354212
10 2000 0.364725
10 2000 0.364844
10 2000 0.373854
10 2000 0.373942
10 2000 0.356458
10 2000 0.356476
10 2000 0.346874
10 2000 0.346900
10 5000 0.866580
10 5000 0.866679
10 5000 0.901597
10 5000 0.901680
10 5000 0.903679
10 5000 0.903777
10 5000 0.824229
10 5000 0.824304
10 5000 0.846483
10 5000 0.846508
10 10000 1.618995
10 10000 1.619088
10 10000 1.740166
10 10000 1.740266
10 10000 1.766565
10 10000 1.766549
10 10000 1.789086
10 10000 1.789086
10 10000 1.836169
10 10000 1.836217
10 20000 3.481143
10 20000 3.481231
10 20000 3.553653
10 20000 3.553714
10 20000 3.603481
10 20000 3.603582
10 20000 3.245300
10 20000 3.245441
10 20000 3.709374
10 20000 3.709452
100 10 0.003381
100 10 0.003356
100 10 0.003805
100 10 0.003748
100 10 0.003474
100 10 0.003565
100 10 0.003356
100 10 0.003436
100 10 0.003268
100 10 0.003367
100 100 0.018571
100 100 0.018651
100 100 0.018782
100 100 0.018881
100 100 0.019593
100 100 0.019649
100 100 0.020645
100 100 0.020724
100 100 0.019999
100 100 0.020004
100 1000 0.193337
100 1000 0.193382
100 1000 0.182069
100 1000 0.182148
100 1000 0.177152
100 1000 0.177201
100 1000 0.186213
100 1000 0.186218
100 1000 0.178048
100 1000 0.178052
100 2000 0.352596
100 2000 0.352669
100 2000 0.362472
100 2000 0.362545
100 2000 0.392955
100 2000 0.393005
100 2000 0.376129
100 2000 0.376192
100 2000 0.357065
100 2000 0.357110
100 5000 0.823840
100 5000 0.823894
100 5000 0.861963
100 5000 0.861986
100 5000 0.893231
100 5000 0.893290
100 5000 0.920979
100 5000 0.921043
100 5000 0.927647
100 5000 0.927688
100 10000 1.814786
100 10000 1.814851
100 10000 1.734927
100 10000 1.735043
100 10000 1.638606
100 10000 1.638710
100 10000 1.731136
100 10000 1.731176
100 10000 1.667318
100 10000 1.667347
100 20000 3.510995
100 20000 3.510994
100 20000 3.949425
100 20000 3.949466
100 20000 3.441733
100 20000 3.441751
100 20000 3.652331
100 20000 3.652362
100 20000 3.646969
100 20000 3.647050
1000 10 0.003363
1000 10 0.003477
1000 10 0.003344
1000 10 0.003428
1000 10 0.003258
1000 10 0.003228
1000 10 0.003056
1000 10 0.003099
1000 10 0.003067
1000 10 0.003098
1000 100 0.018403
1000 100 0.018444
1000 100 0.018621
1000 100 0.018679
1000 100 0.019055
1000 100 0.019131
1000 100 0.019547
1000 100 0.019623
1000 100 0.021183
1000 100 0.021225
1000 1000 0.185164
1000 1000 0.185247
1000 1000 0.171895
1000 1000 0.171960
1000 1000 0.187732
1000 1000 0.187762
1000 1000 0.177975
1000 1000 0.178020
1000 1000 0.172162
1000 1000 0.172223
1000 2000 0.329379
1000 2000 0.329400
1000 2000 0.336489
1000 2000 0.336565
1000 2000 0.331865
1000 2000 0.331928
1000 2000 0.357950
1000 2000 0.358053
1000 2000 0.365622
1000 2000 0.365650
1000 5000 0.902480
1000 5000 0.902730
1000 5000 0.917027
1000 5000 0.917158
1000 5000 0.894912
1000 5000 0.894973
1000 5000 0.865734
1000 5000 0.865742
1000 5000 0.881735
1000 5000 0.881713
1000 10000 1.853982
1000 10000 1.854082
1000 10000 1.890020
1000 10000 1.890100
1000 10000 1.892375
1000 10000 1.892395
1000 10000 1.945859
1000 10000 1.945906
1000 10000 1.888370
1000 10000 1.888422
1000 20000 3.560886
1000 20000 3.560956
1000 20000 3.605906
1000 20000 3.605977
1000 20000 3.569768
1000 20000 3.569869
1000 20000 3.681742
1000 20000 3.681874
1000 20000 3.645014
1000 20000 3.645053
10000 10 0.003700
10000 10 0.003762
10000 10 0.003904
10000 10 0.004026
10000 10 0.004352
10000 10 0.004385
10000 10 0.003270
10000 10 0.003424
10000 10 0.003419
10000 10 0.003505
10000 100 0.018590
10000 100 0.018699
10000 100 0.021327
10000 100 0.021362
10000 100 0.025222
10000 100 0.025327
10000 100 0.029633
10000 100 0.029636
10000 100 0.021323
10000 100 0.021350
10000 1000 0.195799
10000 1000 0.195874
10000 1000 0.207860
10000 1000 0.207909
10000 1000 0.180026
10000 1000 0.180177
10000 1000 0.218019
10000 1000 0.218064
10000 1000 0.180178
10000 1000 0.180274
10000 2000 0.358549
10000 2000 0.358621
10000 2000 0.347083
10000 2000 0.347107
10000 2000 0.337856
10000 2000 0.337972
10000 2000 0.328597
10000 2000 0.328696
10000 2000 0.355489
10000 2000 0.355486
10000 5000 0.878652
10000 5000 0.878689
10000 5000 0.838479
10000 5000 0.838574
10000 5000 0.967774
10000 5000 0.967829
10000 5000 1.119489
10000 5000 1.119552
10000 5000 1.093841
10000 5000 1.093946
10000 10000 1.826735
10000 10000 1.826735
10000 10000 1.778101
10000 10000 1.778217
10000 10000 1.859355
10000 10000 1.859445
10000 10000 1.740360
10000 10000 1.740455
10000 10000 1.787329
10000 10000 1.787430
10000 20000 3.456757
10000 20000 3.456787
10000 20000 3.248845
10000 20000 3.248921
10000 20000 3.455884
10000 20000 3.455982
10000 20000 3.443690
10000 20000 3.443813
10000 20000 3.446304
10000 20000 3.446392
100000 10 0.005661
100000 10 0.005697
100000 10 0.004013
100000 10 0.003961
100000 10 0.004452
100000 10 0.004560
100000 10 0.003988
100000 10 0.004041
100000 10 0.003971
100000 10 0.004095
100000 100 0.027667
100000 100 0.027708
100000 100 0.026094
100000 100 0.026114
100000 100 0.028919
100000 100 0.029051
100000 100 0.032794
100000 100 0.032864
100000 100 0.028754
100000 100 0.028758
100000 1000 0.270484
100000 1000 0.270560
100000 1000 0.256217
100000 1000 0.256319
100000 1000 0.249856
100000 1000 0.249912
100000 1000 0.247142
100000 1000 0.247190
100000 1000 0.258362
100000 1000 0.258322
100000 2000 0.510970
100000 2000 0.510986
100000 2000 0.485149
100000 2000 0.485220
100000 2000 0.511823
100000 2000 0.511813
100000 2000 0.501018
100000 2000 0.501076
100000 2000 0.509883
100000 2000 0.509812
100000 5000 1.255750
100000 5000 1.255792
100000 5000 1.253211
100000 5000 1.253287
100000 5000 1.301476
100000 5000 1.301591
100000 5000 1.289280
100000 5000 1.289473
100000 5000 1.288619
100000 5000 1.288706
100000 10000 2.450261
100000 10000 2.450312
100000 10000 2.454159
100000 10000 2.454251
100000 10000 2.544291
100000 10000 2.544435
100000 10000 2.547816
100000 10000 2.547865
100000 10000 2.509310
100000 10000 2.509432
100000 20000 5.104129
100000 20000 5.104253
100000 20000 5.223380
100000 20000 5.223475
100000 20000 4.869997
100000 20000 4.870078
100000 20000 4.929237
100000 20000 4.929246
100000 20000 4.857680
100000 20000 4.857649
1000000 10 0.011821
1000000 10 0.011812
1000000 10 0.012627
1000000 10 0.012621
1000000 10 0.012065
1000000 10 0.012216
1000000 10 0.012132
1000000 10 0.012456
1000000 10 0.013374
1000000 10 0.013501
1000000 100 0.097667
1000000 100 0.097586
1000000 100 0.097477
1000000 100 0.097497
1000000 100 0.097777
1000000 100 0.097780
1000000 100 0.096278
1000000 100 0.096308
1000000 100 0.096692
1000000 100 0.096760
1000000 1000 0.935189
1000000 1000 0.935510
1000000 1000 0.941700
1000000 1000 0.941700
1000000 1000 0.950359
1000000 1000 0.950347
1000000 1000 0.975411
1000000 1000 0.975494
1000000 1000 0.988956
1000000 1000 0.989006
1000000 2000 1.941173
1000000 2000 1.941247
1000000 2000 1.902425
1000000 2000 1.902390
1000000 2000 1.907403
1000000 2000 1.907429
1000000 2000 1.942957
1000000 2000 1.942924
1000000 2000 1.920855
1000000 2000 1.920901
1000000 5000 4.828818
1000000 5000 4.828932
1000000 5000 4.779553
1000000 5000 4.779511
1000000 5000 4.864817
1000000 5000 4.864864
1000000 5000 4.726872
1000000 5000 4.726967
1000000 5000 4.816939
1000000 5000 4.817026
1000000 10000 9.392506
1000000 10000 9.392526
1000000 10000 9.393291
1000000 10000 9.393305
1000000 10000 9.442004
1000000 10000 9.441980
1000000 10000 9.321989
1000000 10000 9.321948
1000000 10000 9.414387
1000000 10000 9.414317
1000000 20000 19.103447
1000000 20000 19.103426
1000000 20000 18.856972
1000000 20000 18.857021
1000000 20000 18.934892
1000000 20000 18.934903
1000000 20000 19.367253
1000000 20000 19.367256
1000000 20000 19.066996
1000000 20000 19.066996
