10 10 0.000002
10 100 0.000005
10 1000 0.000040
10 2000 0.000078
10 5000 0.000198
10 10000 0.000383
10 20000 0.000800
100 10 0.000006
100 100 0.000044
100 1000 0.000440
100 2000 0.000881
100 5000 0.002224
100 10000 0.004412
100 20000 0.008911
1000 10 0.000046
1000 100 0.000427
1000 1000 0.004271
1000 2000 0.008686
1000 5000 0.021539
1000 10000 0.042304
1000 20000 0.086082
10000 10 0.000450
10000 100 0.004318
10000 1000 0.042101
10000 2000 0.084872
10000 5000 0.210383
10000 10000 0.424785
10000 20000 0.854838
100000 10 0.004871
100000 100 0.043973
100000 1000 0.443876
100000 2000 0.880095
100000 5000 2.183227
100000 10000 4.355120
100000 20000 8.707851
1000000 10 0.049683
1000000 100 0.470819
1000000 1000 4.743958
1000000 2000 9.392435
1000000 5000 23.159972
1000000 10000 46.706609
1000000 20000 94.232367
