10 10 0.000004
10 10 0.000002
10 100 0.000019
10 100 0.000007
10 1000 0.000051
10 1000 0.000052
10 2000 0.000124
10 2000 0.000113
10 5000 0.000284
10 5000 0.000286
10 10000 0.000570
10 10000 0.000566
10 20000 0.001132
10 20000 0.001124
100 10 0.000006
100 10 0.000006
100 100 0.000047
100 100 0.000047
100 1000 0.000482
100 1000 0.000467
100 2000 0.000918
100 2000 0.000933
100 5000 0.002343
100 5000 0.002325
100 10000 0.004577
100 10000 0.004602
100 20000 0.009216
100 20000 0.009283
1000 10 0.000048
1000 10 0.000048
1000 100 0.000446
1000 100 0.000442
1000 1000 0.004280
1000 1000 0.004424
1000 2000 0.008890
1000 2000 0.008862
1000 5000 0.021702
1000 5000 0.021692
1000 10000 0.044710
1000 10000 0.043012
1000 20000 0.087040
1000 20000 0.088248
10000 10 0.000477
10000 10 0.000487
10000 100 0.004370
10000 100 0.004515
10000 1000 0.043831
10000 1000 0.043741
10000 2000 0.087272
10000 2000 0.087213
10000 5000 0.216558
10000 5000 0.218105
10000 10000 0.436627
10000 10000 0.435356
10000 20000 0.868014
10000 20000 0.873399
100000 10 0.005029
100000 10 0.004953
100000 100 0.045224
100000 100 0.045402
100000 1000 0.449094
100000 1000 0.451786
100000 2000 0.904530
100000 2000 0.906526
100000 5000 2.282748
100000 5000 2.216226
100000 10000 4.475969
100000 10000 4.509746
100000 20000 8.862655
100000 20000 8.998756
1000000 10 0.051386
1000000 10 0.051179
1000000 100 0.474391
1000000 100 0.474056
1000000 1000 4.918599
1000000 1000 5.041536
1000000 2000 10.079842
1000000 2000 9.941942
1000000 5000 24.911021
1000000 5000 23.813001
1000000 10000 48.099845
1000000 10000 49.931558
1000000 20000 103.946136
1000000 20000 103.277701
